5 -272.0 64.0 0.0 0 15 0 5 0 0 0 -86007
-1 -128 48 0
5 -192.0 64.0 0.0 0 10 1 5 0 0 0 -90249
7 -224.0 64.0 0.0 0 0 1 5 0 0 0 -275
5 -208.0 64.0 0.0 0 9 1 5 0 0 0 -89889
2 -240.0 64.0 0.0 0 0 0 5 0 0 0 -76005
8 -256.0 64.0 0.0 0 15 0 0 0 0 15 -169
-1 -144.0 48.0 0.0
5 -144.0 48.0 0.0 0 13 1 5 0 0 0 -9653
-1 -112.0 32.0 0.0
5 -112.0 32.0 0.0 0 15 1 5 0 0 0 -9619
-1 -128.0 32.0 0.0
5 -128.0 32.0 0.0 0 14 1 5 0 0 0 -9600
-1 -64.0 32.0 0.0
5 -64.0 32.0 0.0 0 5 1 5 0 0 0 -9566
-1 -48.0 32.0 0.0
5 -48.0 32.0 0.0 0 6 1 5 0 0 0 -9559
-1 -32.0 32.0 0.0
5 -32.0 32.0 0.0 0 7 1 5 0 0 0 -9552
-1 -80.0 32.0 0.0
5 -80.0 32.0 0.0 0 4 1 5 0 0 0 -9524
-1 -16.0 32.0 0.0
5 -16.0 32.0 0.0 0 8 3 5 0 0 0 -9495
-1 -96.0 32.0 0.0
6 -96.0 32.0 0.0 0 15 1 5 0 0 15 -787
2 -48.0 64.0 0.0 0 0 3 5 0 0 0 -6338
2 -48.0 64.0 16.0 0 0 3 5 0 0 0 -6327
2 -48.0 64.0 32.0 0 0 3 5 0 0 0 -6318
2 -48.0 64.0 48.0 0 0 3 5 0 0 0 -6303
2 -48.0 80.0 0.0 0 0 3 3 0 0 0 -6261
2 -48.0 80.0 16.0 0 0 3 3 0 0 0 -6254
2 -48.0 80.0 32.0 0 0 3 3 0 0 0 -6247
2 -48.0 80.0 48.0 0 0 3 3 0 0 0 -6240
2 -48.0 96.0 0.0 0 0 3 3 0 0 0 -6216
2 -48.0 96.0 16.0 0 0 3 3 0 0 0 -6209
2 -48.0 96.0 32.0 0 0 3 3 0 0 0 -6202
2 -48.0 96.0 48.0 0 0 3 3 0 0 0 -6195
2 -48.0 112.0 0.0 0 0 3 3 0 0 0 -5842
2 -48.0 112.0 16.0 0 0 3 3 0 0 0 -5831
2 -48.0 112.0 32.0 0 0 3 3 0 0 0 -5763
2 -48.0 112.0 48.0 0 0 3 3 0 0 0 -5757
5 -176.0 64.0 0.0 0 11 1 5 0 0 0 -4107
5 -160.0 64.0 0.0 0 12 3 5 0 0 0 -280
5 -272.0 64.0 -304.0 0 14 0 5 0 0 0 -53910
5 -272.0 64.0 -288.0 0 15 0 5 0 0 0 -53900
5 -272.0 64.0 -352.0 0 14 0 5 0 0 0 -52360
5 -272.0 64.0 -336.0 0 15 0 5 0 0 0 -52302
5 -272.0 64.0 -16.0 0 14 0 5 0 0 0 -86016
5 -272.0 64.0 -48.0 0 15 0 5 0 0 0 -68896
5 -272.0 64.0 -64.0 0 14 0 5 0 0 0 -68882
5 -272.0 64.0 -96.0 0 15 0 5 0 0 0 -58629
5 -272.0 64.0 -112.0 0 14 0 5 0 0 0 -58619
5 -272.0 64.0 -160.0 0 14 0 5 0 0 0 -56670
5 -272.0 64.0 -144.0 0 15 0 5 0 0 0 -56659
5 -272.0 64.0 -208.0 0 14 0 5 0 0 0 -55168
5 -272.0 64.0 -192.0 0 15 0 5 0 0 0 -55143
5 -272.0 64.0 -256.0 0 14 0 5 0 0 0 -54320
5 -272.0 64.0 -240.0 0 15 0 5 0 0 0 -54311
-1 -224 48 -320
-1 -224 48 -272
-1 -192 48 -320
-1 -192 48 -272
2 -240.0 64.0 -272.0 0 0 1 5 0 0 0 -57853
2 -240.0 64.0 -288.0 0 0 1 5 0 0 0 -57842
2 -240.0 64.0 -320.0 0 0 1 5 0 0 0 -57815
2 -240.0 64.0 -336.0 0 0 1 5 0 0 0 -57802
6 -240.0 64.0 -304.0 0 0 3 5 0 1 0 -1
6 -256.0 64.0 -304.0 0 15 0 5 0 0 15 -1504
5 -192.0 64.0 -288.0 0 0 1 5 0 0 0 -53742
-1 -240.0 48.0 -272.0
5 -240.0 48.0 -272.0 0 0 1 5 0 0 0 -53406
-1 -224.0 32.0 -272.0
5 -224.0 32.0 -272.0 0 0 1 5 0 0 0 -53370
-1 -208.0 48.0 -272.0
5 -208.0 48.0 -272.0 0 0 1 5 0 0 0 -53291
5 -208.0 64.0 -288.0 0 0 1 5 0 0 0 -53230
7 -224.0 64.0 -288.0 0 0 1 5 0 0 0 -2102
5 -224.0 64.0 -304.0 0 0 1 5 0 0 0 -53122
6 -208.0 64.0 -304.0 0 0 1 5 0 0 0 -1438
5 -192.0 64.0 -304.0 0 0 1 5 0 0 0 -53036
-1 -240.0 48.0 -320.0
5 -240.0 48.0 -320.0 0 0 1 5 0 0 0 -52802
-1 -224.0 32.0 -320.0
5 -224.0 32.0 -320.0 0 0 1 5 0 0 0 -52788
-1 -208.0 48.0 -320.0
5 -208.0 48.0 -320.0 0 0 1 5 0 0 0 -52772
7 -224.0 64.0 -336.0 0 0 1 5 0 0 0 -2136
5 -208.0 64.0 -336.0 0 0 1 5 0 0 0 -52703
6 -208.0 64.0 -352.0 0 0 1 5 0 0 0 -1504
5 -224.0 64.0 -352.0 0 0 1 5 0 0 0 -52586
5 -192.0 64.0 -336.0 0 0 1 5 0 0 0 -52564
5 -192.0 64.0 -352.0 0 0 1 5 0 0 0 -52551
6 -240.0 64.0 -352.0 0 0 3 5 0 1 0 -1
6 -256.0 64.0 -352.0 0 15 0 5 0 0 15 -1665
-1 -192.0 32.0 -272.0
5 -192.0 32.0 -272.0 0 0 2 5 0 0 0 -15917
-1 -176.0 48.0 -272.0
5 -176.0 48.0 -272.0 0 0 2 5 0 0 0 -15871
-1 -144.0 48.0 -272.0
8 -144.0 48.0 -272.0 0 15 1 1 0 0 15 -1439
5 -96.0 64.0 -272.0 0 10 2 5 0 0 0 -14378
-1 -192.0 32.0 -320.0
5 -192.0 32.0 -320.0 0 0 1 5 0 0 0 -14226
-1 -176.0 48.0 -320.0
5 -176.0 48.0 -320.0 0 0 1 5 0 0 0 -14207
-1 -144.0 48.0 -320.0
8 -144.0 48.0 -320.0 0 15 1 1 0 0 15 -1504
-1 -128.0 48.0 -320.0
5 -128.0 48.0 -320.0 0 15 2 5 0 0 0 -14037
5 -112.0 64.0 -320.0 0 14 2 5 0 0 0 -14032
5 -96.0 64.0 -288.0 0 11 2 5 0 0 0 -13967
5 -96.0 64.0 -320.0 0 13 2 5 0 0 0 -13952
5 -96.0 64.0 -304.0 0 12 2 5 0 0 0 -13929
2 -112.0 80.0 -272.0 2 1 2 2 0 0 0 -13608
2 -128.0 80.0 -272.0 2 2 2 0 0 0 0 -13583
2 -128.0 80.0 -288.0 2 3 2 2 0 0 0 -13569
2 -144.0 80.0 -288.0 2 4 2 0 0 0 0 -13561
2 -144.0 80.0 -304.0 2 5 2 2 0 0 0 -13548
2 -160.0 80.0 -304.0 2 6 2 0 0 0 0 -13540
2 -160.0 80.0 -320.0 2 8 2 2 0 0 0 -13453
2 -240.0 64.0 -368.0 0 0 2 5 0 0 0 -13256
8 -240.0 64.0 -384.0 0 15 1 2 0 0 15 -1665
5 -224.0 64.0 -384.0 0 15 2 5 0 0 0 -13158
2 -160.0 64.0 -336.0 2 8 2 5 0 0 0 -13068
2 -160.0 64.0 -352.0 2 10 2 5 0 0 0 -13050
5 -192.0 64.0 -384.0 0 13 1 5 0 0 0 -12980
5 -208.0 64.0 -384.0 0 14 1 5 0 0 0 -12957
5 -176.0 64.0 -384.0 0 12 1 5 0 0 0 -12835
5 -160.0 64.0 -368.0 0 10 1 5 0 0 0 -12820
5 -160.0 64.0 -384.0 0 11 1 5 0 0 0 -12793
5 -160.0 80.0 -336.0 0 8 1 5 0 0 0 -12755
5 -160.0 80.0 -352.0 0 9 1 5 0 0 0 -12737
5 -160.0 96.0 -320.0 0 7 2 5 0 0 0 -12712
5 -160.0 96.0 -304.0 0 6 2 5 0 0 0 -12698
5 -144.0 96.0 -304.0 0 5 2 5 0 0 0 -12682
5 -144.0 96.0 -288.0 0 4 2 5 0 0 0 -12668
5 -128.0 96.0 -272.0 0 2 2 5 0 0 0 -12653
5 -128.0 96.0 -288.0 0 3 2 5 0 0 0 -12632
5 -112.0 96.0 -272.0 0 1 2 5 0 0 0 -12617
8 -256.0 64.0 -288.0 0 15 0 0 0 0 15 -1506
8 -256.0 64.0 -336.0 0 15 0 0 0 0 15 -1667
2 -48.0 64.0 -272.0 0 0 2 2 0 0 0 -7784
2 -48.0 64.0 -288.0 0 0 2 2 0 0 0 -7780
2 -48.0 64.0 -304.0 0 0 2 2 0 0 0 -7776
2 -48.0 64.0 -320.0 0 0 2 5 0 0 0 -7771
2 -48.0 64.0 -336.0 0 0 2 2 0 0 0 -7766
2 -48.0 64.0 -352.0 0 0 2 2 0 0 0 -7740
2 -48.0 64.0 -384.0 0 0 1 5 0 0 0 -7680
2 -48.0 64.0 -368.0 0 0 1 5 0 0 0 -7656
2 -48.0 80.0 -384.0 0 0 1 5 0 0 0 -7584
2 -48.0 80.0 -368.0 0 0 1 5 0 0 0 -7577
2 -48.0 80.0 -352.0 0 0 3 3 0 0 0 -7509
2 -48.0 80.0 -336.0 0 0 3 3 0 0 0 -7507
2 -48.0 80.0 -320.0 0 0 3 3 0 0 0 -7505
2 -48.0 80.0 -304.0 0 0 3 3 0 0 0 -7503
2 -48.0 80.0 -288.0 0 0 3 3 0 0 0 -7501
2 -48.0 80.0 -272.0 0 0 3 5 0 0 0 -7337
2 -48.0 96.0 -272.0 0 0 2 2 0 0 0 -7241
2 -48.0 96.0 -288.0 0 0 2 2 0 0 0 -7238
2 -48.0 96.0 -304.0 0 0 2 2 0 0 0 -7231
2 -48.0 96.0 -320.0 0 0 2 2 0 0 0 -7227
2 -48.0 96.0 -336.0 0 0 2 2 0 0 0 -7192
2 -48.0 96.0 -352.0 0 0 2 2 0 0 0 -7186
2 -48.0 96.0 -368.0 0 0 2 2 0 0 0 -7180
2 -48.0 96.0 -384.0 0 0 2 2 0 0 0 -7174
2 -48.0 112.0 -384.0 0 0 3 5 0 0 0 -6072
2 -48.0 112.0 -368.0 0 0 3 3 0 0 0 -6066
2 -48.0 112.0 -352.0 0 0 3 3 0 0 0 -6060
2 -48.0 112.0 -336.0 0 0 3 3 0 0 0 -6054
2 -48.0 112.0 -320.0 0 0 3 3 0 0 0 -6048
2 -48.0 112.0 -304.0 0 0 3 3 0 0 0 -6042
2 -48.0 112.0 -288.0 0 0 3 3 0 0 0 -6001
2 -48.0 112.0 -272.0 0 0 3 3 0 0 0 -5994
-1 -224 48 -224
-1 -224 48 -176
-1 -224 48 -128
-1 -224 48 -80
-1 -224 48 -32
-1 -192 48 -224
-1 -192 48 -176
-1 -192 48 -128
-1 -192 48 -80
-1 -192 48 -32
-1 -176 16 -240
-1 -176 32 -240
-1 -176 32 -224
-1 -176 48 -176
-1 -176 48 -128
-1 -160 32 -224
-1 -160 48 -176
-1 -160 48 -128
-1 -144 32 -224
-1 -144 32 -208
-1 -144 48 -176
-1 -144 48 -144
-1 -144 48 -128
-1 -128 32 -208
-1 -112 32 -208
-1 -112 32 -192
-1 -96 32 -192
-1 -96 48 -176
6 -240.0 64.0 -16.0 0 0 3 5 0 1 0 -2
6 -256.0 64.0 -16.0 0 15 0 5 0 0 15 -167
6 -208.0 64.0 -16.0 0 15 1 5 0 0 15 -277
5 -224.0 64.0 -16.0 0 15 1 5 0 0 0 -85736
5 -192.0 64.0 -16.0 0 9 1 5 0 0 0 -85615
2 -240.0 64.0 -32.0 0 0 1 5 0 0 0 -70593
-1 -240.0 48.0 -32.0
5 -240.0 48.0 -32.0 0 0 1 5 0 0 0 -70407
-1 -224.0 32.0 -32.0
5 -224.0 32.0 -32.0 0 0 1 5 0 0 0 -70231
-1 -208.0 48.0 -32.0
5 -208.0 48.0 -32.0 0 0 1 5 0 0 0 -70016
2 -240.0 64.0 -48.0 0 0 1 5 0 0 0 -69427
6 -240.0 64.0 -64.0 0 0 3 5 0 1 0 -1
6 -256.0 64.0 -64.0 0 15 0 5 0 0 15 -1265
7 -224.0 64.0 -48.0 0 0 1 5 0 0 0 -3073
5 -224.0 64.0 -64.0 0 0 1 5 0 0 0 -68608
5 -192.0 64.0 -64.0 0 0 1 5 0 0 0 -68511
5 -192.0 64.0 -48.0 0 0 1 5 0 0 0 -68486
6 -208.0 64.0 -64.0 0 0 1 5 0 0 0 -167
5 -208.0 64.0 -48.0 0 0 1 5 0 0 0 -68049
2 -240.0 64.0 -80.0 0 0 1 5 0 0 0 -60018
2 -240.0 64.0 -96.0 0 0 1 5 0 0 0 -60010
7 -224.0 64.0 -96.0 0 0 1 5 0 0 0 -1881
6 -208.0 64.0 -112.0 0 0 1 5 0 0 0 -1266
-1 -240.0 48.0 -80.0
5 -240.0 48.0 -80.0 0 0 1 5 0 0 0 -59026
-1 -224.0 32.0 -80.0
5 -224.0 32.0 -80.0 0 0 1 5 0 0 0 -59013
-1 -208.0 48.0 -80.0
5 -208.0 48.0 -80.0 0 0 1 5 0 0 0 -58973
5 -208.0 64.0 -96.0 0 0 1 5 0 0 0 -58953
5 -192.0 64.0 -96.0 0 0 1 -1 0 0 0 -58929
5 -192.0 64.0 -112.0 0 0 1 5 0 0 0 -58916
5 -224.0 64.0 -112.0 0 0 1 5 0 0 0 -58818
6 -256.0 64.0 -112.0 0 15 0 5 0 0 15 -1304
6 -240.0 64.0 -112.0 0 0 3 5 0 1 0 0
2 -240.0 64.0 -128.0 0 0 1 5 0 0 0 -58226
2 -240.0 64.0 -144.0 0 0 1 5 0 0 0 -58216
2 -240.0 64.0 -176.0 0 0 1 5 0 0 0 -58183
2 -240.0 64.0 -192.0 0 0 1 5 0 0 0 -58172
2 -240.0 64.0 -224.0 0 0 1 5 0 0 0 -57977
7 -224.0 64.0 -144.0 0 0 1 5 0 0 0 -1921
6 -208.0 64.0 -160.0 0 0 1 5 0 0 0 -1304
5 -208.0 64.0 -144.0 0 0 1 5 0 0 0 -57342
-1 -240.0 48.0 -128.0
5 -240.0 48.0 -128.0 0 0 1 5 0 0 0 -57291
-1 -224.0 32.0 -128.0
5 -224.0 32.0 -128.0 0 0 1 5 0 0 0 -57279
-1 -208.0 48.0 -128.0
5 -208.0 48.0 -128.0 0 0 1 5 0 0 0 -57265
5 -224.0 64.0 -160.0 0 0 1 5 0 0 0 -57207
5 -192.0 64.0 -160.0 0 0 1 5 0 0 0 -57184
5 -192.0 64.0 -144.0 0 0 1 5 0 0 0 -57159
6 -240.0 64.0 -160.0 0 0 3 5 0 1 0 -1
6 -256.0 64.0 -160.0 0 15 0 5 0 0 15 -1335
7 -224.0 64.0 -192.0 0 0 1 5 0 0 0 -1997
6 -208.0 64.0 -208.0 0 0 1 5 0 0 0 -1336
5 -208.0 64.0 -192.0 0 0 1 5 0 0 0 -56172
-1 -240.0 48.0 -176.0
5 -240.0 48.0 -176.0 0 0 1 5 0 0 0 -55733
-1 -224.0 32.0 -176.0
5 -224.0 32.0 -176.0 0 0 1 5 0 0 0 -55717
-1 -208.0 48.0 -176.0
5 -208.0 48.0 -176.0 0 0 1 5 0 0 0 -55706
5 -224.0 64.0 -208.0 0 0 1 5 0 0 0 -55580
5 -192.0 64.0 -192.0 0 0 1 5 0 0 0 -55555
5 -192.0 64.0 -208.0 0 0 1 5 0 0 0 -55548
6 -240.0 64.0 -208.0 0 0 3 5 0 1 0 -1
6 -256.0 64.0 -208.0 0 15 0 5 0 0 15 -1367
7 -224.0 64.0 -240.0 0 0 1 5 0 0 0 -2046
6 -208.0 64.0 -256.0 0 0 1 5 0 0 0 -1367
5 -224.0 64.0 -256.0 0 0 1 5 0 0 0 -54815
5 -208.0 64.0 -240.0 0 0 1 5 0 0 0 -54799
5 -192.0 64.0 -240.0 0 0 1 5 0 0 0 -54789
5 -192.0 64.0 -256.0 0 0 1 5 0 0 0 -54787
-1 -240.0 48.0 -224.0
5 -240.0 48.0 -224.0 0 0 1 5 0 0 0 -54594
-1 -224.0 32.0 -224.0
5 -224.0 32.0 -224.0 0 0 1 5 0 0 0 -54580
-1 -208.0 48.0 -224.0
5 -208.0 48.0 -224.0 0 0 1 5 0 0 0 -54564
6 -240.0 64.0 -256.0 0 0 3 5 0 1 0 -1
6 -256.0 64.0 -256.0 0 15 0 5 0 0 15 -1438
2 -240.0 64.0 -240.0 0 0 0 5 0 0 0 -51835
-1 -192.0 32.0 -32.0
5 -192.0 32.0 -32.0 0 0 1 5 0 0 0 -46189
-1 -176.0 48.0 -32.0
5 -176.0 48.0 -32.0 0 0 1 5 0 0 0 -46172
-1 -160.0 48.0 -48.0
8 -160.0 48.0 -48.0 0 15 2 2 0 0 15 -167
-1 -144.0 48.0 -48.0
5 -144.0 48.0 -48.0 0 15 1 5 0 0 0 -42305
5 -128.0 64.0 -48.0 0 14 0 5 0 0 0 -41691
5 -112.0 64.0 -48.0 0 13 0 5 0 0 0 -41680
-1 -192.0 32.0 -80.0
5 -192.0 32.0 -80.0 0 0 2 5 0 0 0 -41491
-1 -176.0 48.0 -80.0
5 -176.0 48.0 -80.0 0 0 2 5 0 0 0 -41471
-1 -160.0 48.0 -96.0
8 -160.0 48.0 -96.0 0 15 2 2 0 0 15 -1266
-1 -144.0 48.0 -96.0
5 -144.0 48.0 -96.0 0 15 3 5 0 0 0 -41280
-1 -192.0 32.0 -128.0
5 -192.0 32.0 -128.0 0 0 2 5 0 0 0 -38224
-1 -160.0 32.0 -128.0
8 -160.0 32.0 -128.0 0 15 1 1 0 0 15 -1304
-1 -192.0 32.0 -176.0
5 -192.0 32.0 -176.0 0 0 0 5 0 0 0 -37166
-1 -192.0 32.0 -224.0
5 -192.0 32.0 -224.0 0 0 1 5 0 0 0 -36489
-1 -128.0 48.0 -144.0
5 -128.0 48.0 -144.0 0 13 0 5 0 0 0 -33677
-1 -160.0 32.0 -176.0
8 -160.0 32.0 -176.0 0 15 1 1 0 0 15 -1335
-1 -144.0 32.0 -176.0
5 -144.0 32.0 -176.0 0 15 0 5 0 0 0 -31276
4 -48.0 80.0 -224.0 1 0 1 1 0 0 0 -30802
4 -48.0 80.0 -208.0 1 0 3 3 0 0 0 -30762
4 -48.0 80.0 -192.0 1 0 3 3 0 0 0 -30755
4 -48.0 80.0 -176.0 1 0 3 3 0 0 0 -30748
4 -48.0 80.0 -160.0 1 0 3 3 0 0 0 -30741
4 -48.0 80.0 -144.0 1 0 3 3 0 0 0 -30734
4 -48.0 80.0 -128.0 1 0 3 3 0 0 0 -30727
2 -48.0 96.0 -224.0 2 11 3 5 0 0 0 -30575
2 -48.0 96.0 -208.0 1 0 3 5 0 0 0 -30568
2 -48.0 96.0 -192.0 2 6 3 3 0 0 0 -30561
2 -48.0 96.0 -176.0 1 0 3 3 0 0 0 -30554
2 -48.0 96.0 -160.0 2 9 3 3 0 0 0 -30547
2 -48.0 96.0 -144.0 1 0 3 5 0 0 0 -30540
2 -48.0 96.0 -128.0 2 8 3 5 0 0 0 -30532
2 -48.0 96.0 -112.0 1 0 3 3 0 0 0 -30499
2 -48.0 64.0 -224.0 1 0 3 5 0 0 0 -30450
2 -48.0 64.0 -208.0 2 4 3 3 0 0 0 -30443
2 -48.0 64.0 -192.0 1 0 3 5 0 0 0 -30429
2 -48.0 64.0 -176.0 2 6 3 3 0 0 0 -30414
2 -48.0 64.0 -160.0 1 0 3 3 0 0 0 -30389
2 -48.0 64.0 -144.0 2 9 3 5 0 0 0 -30331
2 -48.0 64.0 -128.0 1 0 3 3 0 0 0 -30325
2 -48.0 64.0 -112.0 2 6 3 3 0 0 0 -30270
5 -80.0 64.0 -112.0 0 7 3 5 0 0 0 -29681
5 -64.0 64.0 -112.0 0 6 3 5 0 0 0 -29648
2 -64.0 80.0 -128.0 2 9 0 0 0 0 0 -29070
2 -80.0 64.0 -128.0 2 10 0 5 0 0 0 -28932
5 -80.0 64.0 -96.0 0 8 0 5 0 0 0 -28470
5 -80.0 64.0 -80.0 0 9 0 5 0 0 0 -28461
5 -80.0 64.0 -64.0 0 10 0 5 0 0 0 -28441
5 -96.0 64.0 -48.0 0 12 0 5 0 0 0 -28424
5 -80.0 64.0 -48.0 0 11 0 5 0 0 0 -28402
5 -96.0 64.0 -128.0 0 10 0 5 0 0 0 -28341
5 -80.0 80.0 -128.0 0 9 0 5 0 0 0 -28293
5 -64.0 96.0 -128.0 0 8 0 5 0 0 0 -28277
2 -80.0 80.0 -112.0 0 0 0 0 0 0 0 -28202
4 -48.0 80.0 -112.0 1 0 3 3 0 0 0 -28115
5 -112.0 64.0 -112.0 0 12 0 5 0 0 0 -27891
5 -128.0 64.0 -96.0 0 14 0 5 0 0 0 -27864
5 -112.0 64.0 -96.0 0 13 0 5 0 0 0 -27790
5 -112.0 64.0 -128.0 0 11 0 5 0 0 0 -27541
5 -64.0 64.0 -144.0 0 9 0 5 0 0 0 -27258
2 -80.0 80.0 -144.0 0 0 0 0 0 0 0 -27185
-1 -112.0 48.0 -144.0
5 -112.0 48.0 -144.0 0 12 0 5 0 0 0 -26473
-1 -144.0 32.0 -128.0
5 -144.0 32.0 -128.0 0 15 0 5 0 0 0 -26186
-1 -144.0 32.0 -144.0
5 -144.0 32.0 -144.0 0 14 0 5 0 0 0 -26118
2 -64.0 80.0 -160.0 2 10 0 0 0 0 0 -25829
2 -80.0 64.0 -160.0 2 11 0 5 0 0 0 -25780
5 -64.0 96.0 -160.0 0 9 0 5 0 0 0 -25657
5 -80.0 80.0 -160.0 0 10 0 5 0 0 0 -25641
-1 -80.0 48.0 -144.0
5 -80.0 48.0 -144.0 0 10 0 5 0 0 0 -25078
-1 -96.0 48.0 -144.0
5 -96.0 48.0 -144.0 0 11 0 5 0 0 0 -25066
2 -96.0 64.0 -144.0 0 0 0 3 0 0 0 -24912
2 -112.0 64.0 -144.0 0 0 0 0 0 0 0 -24906
-1 -128.0 48.0 -176.0
5 -128.0 48.0 -176.0 0 14 0 5 0 0 0 -24220
5 -96.0 64.0 -160.0 0 11 0 5 0 0 0 -24182
5 -112.0 64.0 -160.0 0 12 0 5 0 0 0 -24057
5 -112.0 64.0 -176.0 0 13 0 5 0 0 0 -23927
5 -64.0 64.0 -176.0 0 6 0 5 0 0 0 -23777
2 -80.0 80.0 -176.0 1 0 0 0 0 0 0 -23654
-1 -80.0 48.0 -176.0
5 -80.0 48.0 -176.0 0 7 0 5 0 0 0 -21500
-1 -96.0 32.0 -176.0
5 -96.0 32.0 -176.0 0 8 2 5 0 0 0 -21439
-1 -176.0 16.0 -224.0
8 -176.0 16.0 -224.0 0 15 1 1 0 0 15 -1367
-1 -160.0 16.0 -224.0
5 -160.0 16.0 -224.0 0 15 1 5 0 0 0 -17380
-1 -144.0 16.0 -224.0
5 -144.0 16.0 -224.0 0 14 1 5 0 0 0 -17370
-1 -144.0 16.0 -208.0
5 -144.0 16.0 -208.0 0 13 1 5 0 0 0 -17348
-1 -128.0 16.0 -208.0
5 -128.0 16.0 -208.0 0 12 1 5 0 0 0 -17342
-1 -112.0 16.0 -208.0
5 -112.0 16.0 -208.0 0 11 1 5 0 0 0 -17336
-1 -112.0 16.0 -192.0
5 -112.0 16.0 -192.0 0 10 1 5 0 0 0 -17318
-1 -96.0 16.0 -192.0
5 -96.0 16.0 -192.0 0 9 3 5 0 0 0 -17300
2 -64.0 80.0 -192.0 2 6 0 0 0 0 0 -16489
5 -64.0 96.0 -192.0 0 6 0 5 0 0 0 -16418
-1 -144.0 48.0 -256.0
5 -144.0 48.0 -256.0 0 15 2 5 0 0 0 -15582
5 -144.0 64.0 -240.0 0 14 2 5 0 0 0 -15559
5 -144.0 64.0 -224.0 0 13 2 5 0 0 0 -15534
5 -128.0 64.0 -208.0 0 11 2 5 0 0 0 -15521
5 -144.0 64.0 -208.0 0 12 2 5 0 0 0 -15460
5 -64.0 64.0 -208.0 0 4 0 5 0 0 0 -15383
2 -80.0 80.0 -192.0 2 7 0 0 0 0 0 -15136
5 -80.0 96.0 -192.0 0 7 0 5 0 0 0 -15051
2 -96.0 80.0 -192.0 2 9 0 0 0 0 0 -14921
2 -112.0 64.0 -192.0 2 10 0 5 0 0 0 -14886
5 -112.0 80.0 -192.0 0 9 0 5 0 0 0 -14837
5 -96.0 96.0 -192.0 0 8 0 5 0 0 0 -14816
2 -112.0 80.0 -176.0 0 0 0 0 0 0 0 -14753
5 -112.0 64.0 -208.0 0 10 0 5 0 0 0 -14533
5 -80.0 64.0 -208.0 0 5 0 5 0 0 0 -14503
5 -80.0 64.0 -224.0 0 6 0 5 0 0 0 -14486
5 -96.0 64.0 -224.0 0 7 0 5 0 0 0 -14453
5 -96.0 64.0 -240.0 0 8 2 5 0 0 0 -14390
5 -96.0 64.0 -256.0 0 9 2 5 0 0 0 -13987
2 -64.0 80.0 -224.0 2 11 0 0 0 0 0 -13754
2 -80.0 80.0 -224.0 2 12 0 0 0 0 0 -13737
2 -96.0 80.0 -224.0 2 13 0 0 0 0 0 -13721
2 -96.0 80.0 -240.0 2 14 2 2 0 0 0 -13662
2 -112.0 80.0 -240.0 2 15 2 0 0 0 0 -13639
2 -112.0 80.0 -256.0 1 0 2 2 0 0 0 -13618
5 -112.0 96.0 -240.0 0 15 2 5 0 0 0 -12594
5 -96.0 96.0 -224.0 0 13 2 5 0 0 0 -12587
5 -80.0 96.0 -224.0 0 12 2 5 0 0 0 -12579
5 -64.0 96.0 -224.0 0 11 2 5 0 0 0 -12577
5 -96.0 96.0 -240.0 0 14 2 5 0 0 0 -12535
6 -112.0 96.0 -256.0 0 15 2 5 0 0 15 -1663
8 -256.0 64.0 -48.0 0 15 0 0 0 0 15 -1267
8 -256.0 64.0 -96.0 0 15 0 0 0 0 15 -1305
8 -256.0 64.0 -144.0 0 15 0 0 0 0 15 -1337
8 -256.0 64.0 -192.0 0 15 0 0 0 0 15 -1369
8 -256.0 64.0 -240.0 0 15 0 0 0 0 15 -1440
9 -16.0 64.0 -112.0 0 15 2 5 1 0 0 -11044
2 -48.0 64.0 -96.0 1 0 3 5 0 0 0 -10682
2 -48.0 80.0 -96.0 0 0 3 5 0 0 0 -10675
2 -48.0 96.0 -96.0 0 0 3 5 0 0 0 -10644
2 -48.0 64.0 -80.0 0 0 1 5 0 0 0 -10603
2 -48.0 80.0 -80.0 0 0 1 5 0 0 0 -10593
2 -48.0 96.0 -80.0 0 0 1 5 0 0 0 -10578
2 -48.0 64.0 -64.0 0 0 1 5 0 0 0 -10527
2 -48.0 80.0 -64.0 0 0 1 5 0 0 0 -10520
2 -48.0 96.0 -64.0 0 0 1 5 0 0 0 -10513
2 -48.0 64.0 -48.0 0 0 1 5 0 0 0 -10468
2 -48.0 80.0 -48.0 0 0 1 5 0 0 0 -10461
2 -48.0 96.0 -48.0 0 0 1 5 0 0 0 -10454
2 -48.0 64.0 -32.0 0 0 3 5 0 0 0 -10395
2 -48.0 80.0 -32.0 0 0 3 5 0 0 0 -10387
2 -48.0 96.0 -32.0 0 0 3 5 0 0 0 -10380
2 -48.0 64.0 -16.0 0 0 3 5 0 0 0 -10337
2 -48.0 80.0 -16.0 0 0 3 5 0 0 0 -10333
-1 -16.0 32.0 -112.0
5 -16.0 32.0 -112.0 0 15 3 5 0 0 0 -9067
-1 -16.0 32.0 -80.0
5 -16.0 32.0 -80.0 0 13 3 5 0 0 0 -9010
-1 -16.0 32.0 -96.0
5 -16.0 32.0 -96.0 0 14 3 5 0 0 0 -8993
-1 -16.0 32.0 -64.0
5 -16.0 32.0 -64.0 0 12 3 5 0 0 0 -8979
-1 -16.0 32.0 -48.0
5 -16.0 32.0 -48.0 0 11 3 5 0 0 0 -8972
-1 -16.0 32.0 -16.0
5 -16.0 32.0 -16.0 0 9 3 5 0 0 0 -8960
-1 -16.0 32.0 -32.0
5 -16.0 32.0 -32.0 0 10 3 5 0 0 0 -8925
2 -48.0 64.0 -240.0 0 0 2 2 0 0 0 -7791
2 -48.0 64.0 -256.0 0 0 2 2 0 0 0 -7788
2 -48.0 96.0 -16.0 0 0 3 3 0 0 0 -7437
2 -48.0 80.0 -256.0 0 0 3 3 0 0 0 -7330
2 -48.0 80.0 -240.0 0 0 3 3 0 0 0 -7300
2 -48.0 96.0 -240.0 1 0 2 2 0 0 0 -7249
2 -48.0 96.0 -256.0 0 0 2 2 0 0 0 -7245
2 -48.0 112.0 -256.0 0 0 3 3 0 0 0 -5952
2 -48.0 112.0 -240.0 0 0 3 3 0 0 0 -5945
2 -48.0 112.0 -224.0 1 0 3 3 0 0 0 -5938
2 -48.0 112.0 -208.0 0 0 3 3 0 0 0 -5931
2 -48.0 112.0 -192.0 1 0 3 3 0 0 0 -5924
2 -48.0 112.0 -176.0 0 0 3 3 0 0 0 -5917
2 -48.0 112.0 -160.0 1 0 3 3 0 0 0 -5910
2 -48.0 112.0 -144.0 0 0 3 3 0 0 0 -5903
2 -48.0 112.0 -128.0 1 0 3 3 0 0 0 -5896
2 -48.0 112.0 -112.0 0 0 3 3 0 0 0 -5889
2 -48.0 112.0 -96.0 0 0 3 3 0 0 0 -5882
2 -48.0 112.0 -80.0 0 0 3 3 0 0 0 -5875
2 -48.0 112.0 -64.0 0 0 3 3 0 0 0 -5868
2 -48.0 112.0 -48.0 0 0 3 3 0 0 0 -5861
2 -48.0 112.0 -32.0 0 0 3 3 0 0 0 -5854
2 -48.0 112.0 -16.0 0 0 3 3 0 0 0 -5847
3 -32.0 80.0 -224.0 0 0 1 1 0 0 0 -5606
3 -32.0 80.0 -208.0 0 0 1 1 0 0 0 -5596
3 -32.0 80.0 -192.0 0 0 1 1 0 0 0 -5582
3 -32.0 80.0 -176.0 0 0 1 1 0 0 0 -5573
3 -32.0 80.0 -160.0 0 0 1 1 0 0 0 -5564
3 -32.0 80.0 -144.0 0 0 1 1 0 0 0 -5555
3 -32.0 80.0 -112.0 0 0 1 1 0 0 0 -5540
3 -32.0 80.0 -128.0 0 0 1 1 0 0 0 -5520
