5 -272.0 64.0 0.0 0 15 0 5 0 0 0 -1
-1 -128 48 0
5 -192.0 64.0 0.0 0 0 1 5 0 0 0 -1
7 -224.0 64.0 0.0 0 0 1 5 0 0 0 -1
5 -208.0 64.0 0.0 0 0 1 5 0 0 0 -1
2 -240.0 64.0 0.0 0 0 0 5 0 0 0 -1
8 -256.0 64.0 0.0 0 15 0 0 0 0 15 -1
-1 -144.0 48.0 0.0
5 -144.0 48.0 0.0 0 0 1 5 0 0 0 -1
-1 -112.0 32.0 0.0
5 -112.0 32.0 0.0 0 0 1 5 0 0 0 -1
-1 -128.0 32.0 0.0
5 -128.0 32.0 0.0 0 0 1 5 0 0 0 -1
-1 -64.0 32.0 0.0
5 -64.0 32.0 0.0 0 0 1 5 0 0 0 -1
-1 -48.0 32.0 0.0
5 -48.0 32.0 0.0 0 0 1 5 0 0 0 -1
-1 -32.0 32.0 0.0
5 -32.0 32.0 0.0 0 0 1 5 0 0 0 -1
-1 -80.0 32.0 0.0
5 -80.0 32.0 0.0 0 0 1 5 0 0 0 -1
-1 -16.0 32.0 0.0
5 -16.0 32.0 0.0 0 0 3 5 0 0 0 -1
-1 -96.0 32.0 0.0
6 -96.0 32.0 0.0 0 0 1 5 0 0 0 -1
5 -176.0 64.0 0.0 0 0 1 5 0 0 0 -1
5 -160.0 64.0 0.0 0 0 3 5 0 0 0 -1
2 -32.0 64.0 0.0 0 0 3 3 0 0 0 -1
2 -32.0 64.0 16.0 0 0 3 3 0 0 0 -1
2 -32.0 64.0 32.0 0 0 3 3 0 0 0 -1
2 -32.0 64.0 48.0 0 0 3 3 0 0 0 -1
2 -32.0 80.0 0.0 0 0 3 3 0 0 0 -1
2 -32.0 80.0 16.0 0 0 3 3 0 0 0 -1
2 -32.0 80.0 32.0 0 0 3 3 0 0 0 -1
2 -32.0 80.0 48.0 0 0 3 3 0 0 0 -1
2 -32.0 96.0 48.0 0 0 2 5 0 0 0 -1
2 -32.0 96.0 32.0 0 0 2 2 0 0 0 -1
2 -32.0 96.0 16.0 0 0 2 2 0 0 0 -1
2 -32.0 96.0 0.0 0 0 2 2 0 0 0 -1
2 -32.0 112.0 48.0 0 0 2 5 0 0 0 -1
2 -32.0 112.0 32.0 0 0 2 2 0 0 0 -1
2 -32.0 112.0 16.0 0 0 2 2 0 0 0 -1
2 -32.0 112.0 0.0 0 0 2 2 0 0 0 -1
8 112.0 64.0 -16.0 0 15 0 5 0 0 15 -1
9 112.0 64.0 -32.0 0 0 0 5 0 0 0 -1
5 -272.0 64.0 -304.0 0 14 0 5 0 0 0 -1
5 -272.0 64.0 -288.0 0 15 0 5 0 0 0 -1
5 -272.0 64.0 -352.0 0 14 0 5 0 0 0 -1
5 -272.0 64.0 -336.0 0 15 0 5 0 0 0 -1
5 -272.0 64.0 -16.0 0 14 0 5 0 0 0 -1
5 -272.0 64.0 -48.0 0 15 0 5 0 0 0 -1
5 -272.0 64.0 -64.0 0 14 0 5 0 0 0 -1
5 -272.0 64.0 -96.0 0 15 0 5 0 0 0 -1
5 -272.0 64.0 -112.0 0 14 0 5 0 0 0 -1
5 -272.0 64.0 -160.0 0 14 0 5 0 0 0 -1
5 -272.0 64.0 -144.0 0 15 0 5 0 0 0 -1
5 -272.0 64.0 -208.0 0 14 0 5 0 0 0 -1
5 -272.0 64.0 -192.0 0 15 0 5 0 0 0 -1
5 -272.0 64.0 -256.0 0 14 0 5 0 0 0 -1
5 -272.0 64.0 -240.0 0 15 0 5 0 0 0 -1
-1 -224 48 -320
-1 -224 48 -272
-1 -192 48 -320
-1 -192 48 -272
2 -240.0 64.0 -272.0 3 15 1 5 0 0 0 -1
2 -240.0 64.0 -288.0 1 0 1 5 0 0 0 -1
2 -240.0 64.0 -320.0 3 15 1 5 0 0 0 -1
2 -240.0 64.0 -336.0 1 0 1 5 0 0 0 -1
6 -240.0 64.0 -304.0 0 15 3 5 0 1 0 2
6 -256.0 64.0 -304.0 0 15 0 5 0 0 15 -1
5 -192.0 64.0 -288.0 0 11 1 5 0 0 0 -1
-1 -240.0 48.0 -272.0
5 -240.0 48.0 -272.0 0 15 1 5 0 0 0 -1
-1 -224.0 32.0 -272.0
5 -224.0 32.0 -272.0 0 14 1 5 0 0 0 -1
-1 -208.0 48.0 -272.0
5 -208.0 48.0 -272.0 0 13 1 5 0 0 0 -1
5 -208.0 64.0 -288.0 0 12 1 5 0 0 0 -1
7 -224.0 64.0 -288.0 0 0 1 5 0 0 0 -1
5 -224.0 64.0 -304.0 0 15 1 5 0 0 0 -1
6 -208.0 64.0 -304.0 0 15 1 5 0 0 15 -1
5 -192.0 64.0 -304.0 0 10 1 5 0 0 0 -1
-1 -240.0 48.0 -320.0
5 -240.0 48.0 -320.0 0 15 1 5 0 0 0 -1
-1 -224.0 32.0 -320.0
5 -224.0 32.0 -320.0 0 14 1 5 0 0 0 -1
-1 -208.0 48.0 -320.0
5 -208.0 48.0 -320.0 0 13 1 5 0 0 0 -1
7 -224.0 64.0 -336.0 0 0 1 5 0 0 0 -1
5 -208.0 64.0 -336.0 0 12 1 5 0 0 0 -1
6 -208.0 64.0 -352.0 0 15 1 5 0 0 15 -1
5 -224.0 64.0 -352.0 0 15 1 5 0 0 0 -1
5 -192.0 64.0 -336.0 0 11 1 5 0 0 0 -1
5 -192.0 64.0 -352.0 0 10 1 5 0 0 0 -1
6 -240.0 64.0 -352.0 0 15 3 5 0 1 0 2
6 -256.0 64.0 -352.0 0 15 0 5 0 0 15 -1
-1 -192.0 32.0 -272.0
5 -192.0 32.0 -272.0 0 12 2 5 0 0 0 -1
-1 -176.0 48.0 -272.0
5 -176.0 48.0 -272.0 0 11 2 5 0 0 0 -1
-1 -144.0 48.0 -272.0
8 -144.0 48.0 -272.0 0 0 1 1 0 0 0 -1
5 -96.0 64.0 -272.0 0 0 2 5 0 0 0 -1
-1 -192.0 32.0 -320.0
5 -192.0 32.0 -320.0 0 12 1 5 0 0 0 -1
-1 -176.0 48.0 -320.0
5 -176.0 48.0 -320.0 0 11 1 5 0 0 0 -1
-1 -144.0 48.0 -320.0
8 -144.0 48.0 -320.0 0 0 1 1 0 0 0 -1
-1 -128.0 48.0 -320.0
5 -128.0 48.0 -320.0 0 0 2 5 0 0 0 -1
5 -112.0 64.0 -320.0 0 0 2 5 0 0 0 -1
5 -96.0 64.0 -288.0 0 0 2 5 0 0 0 -1
5 -96.0 64.0 -320.0 0 0 2 5 0 0 0 -1
5 -96.0 64.0 -304.0 0 0 2 5 0 0 0 -1
2 -112.0 80.0 -272.0 0 0 2 2 0 0 0 -1
2 -128.0 80.0 -272.0 0 0 2 0 0 0 0 -1
2 -128.0 80.0 -288.0 0 0 2 2 0 0 0 -1
2 -144.0 80.0 -288.0 0 0 2 0 0 0 0 -1
2 -144.0 80.0 -304.0 0 0 2 2 0 0 0 -1
2 -160.0 80.0 -304.0 0 0 2 0 0 0 0 -1
2 -160.0 80.0 -320.0 0 0 2 2 0 0 0 -1
2 -240.0 64.0 -368.0 3 15 2 5 0 0 0 -1
8 -240.0 64.0 -384.0 0 0 1 2 0 0 0 -1
5 -224.0 64.0 -384.0 0 0 2 5 0 0 0 -1
2 -160.0 64.0 -336.0 0 0 2 5 0 0 0 -1
2 -160.0 64.0 -352.0 0 0 2 5 0 0 0 -1
5 -192.0 64.0 -384.0 0 0 1 5 0 0 0 -1
5 -208.0 64.0 -384.0 0 0 1 5 0 0 0 -1
5 -176.0 64.0 -384.0 0 0 1 5 0 0 0 -1
5 -160.0 64.0 -368.0 0 0 1 5 0 0 0 -1
5 -160.0 64.0 -384.0 0 0 1 5 0 0 0 -1
5 -160.0 80.0 -336.0 0 0 1 5 0 0 0 -1
5 -160.0 80.0 -352.0 0 0 1 5 0 0 0 -1
5 -160.0 96.0 -320.0 0 0 2 5 0 0 0 -1
5 -160.0 96.0 -304.0 0 0 2 5 0 0 0 -1
5 -144.0 96.0 -304.0 0 0 2 5 0 0 0 -1
5 -144.0 96.0 -288.0 0 0 2 5 0 0 0 -1
5 -128.0 96.0 -272.0 0 0 2 5 0 0 0 -1
5 -128.0 96.0 -288.0 0 0 2 5 0 0 0 -1
5 -112.0 96.0 -272.0 0 0 2 5 0 0 0 -1
8 -256.0 64.0 -288.0 0 15 0 0 0 0 15 -1
8 -256.0 64.0 -336.0 0 15 0 0 0 0 15 -1
2 -32.0 64.0 -384.0 0 0 1 5 0 0 0 -1
2 -32.0 64.0 -272.0 0 0 2 2 0 0 0 -1
2 -32.0 64.0 -288.0 0 0 2 5 0 0 0 -1
2 -32.0 64.0 -320.0 0 0 2 5 0 0 0 -1
2 -32.0 64.0 -336.0 0 0 2 2 0 0 0 -1
2 -32.0 64.0 -352.0 0 0 2 5 0 0 0 -1
2 -32.0 64.0 -368.0 0 0 2 2 0 0 0 -1
2 -32.0 64.0 -304.0 0 0 2 2 0 0 0 -1
2 -32.0 80.0 -272.0 0 0 2 2 0 0 0 -1
2 -32.0 80.0 -288.0 0 0 2 2 0 0 0 -1
2 -32.0 80.0 -304.0 0 0 2 2 0 0 0 -1
2 -32.0 80.0 -320.0 0 0 2 2 0 0 0 -1
2 -32.0 80.0 -336.0 0 0 2 2 0 0 0 -1
2 -32.0 80.0 -352.0 0 0 2 2 0 0 0 -1
2 -32.0 80.0 -368.0 0 0 2 1 0 0 0 -1
2 -32.0 80.0 -384.0 0 0 2 2 0 0 0 -1
2 -32.0 96.0 -272.0 0 0 2 2 0 0 0 -1
2 -32.0 96.0 -288.0 0 0 2 2 0 0 0 -1
2 -32.0 96.0 -304.0 0 0 2 2 0 0 0 -1
2 -32.0 96.0 -320.0 0 0 2 2 0 0 0 -1
2 -32.0 96.0 -336.0 0 0 2 2 0 0 0 -1
2 -32.0 96.0 -352.0 0 0 2 2 0 0 0 -1
2 -32.0 96.0 -368.0 0 0 2 1 0 0 0 -1
2 -32.0 96.0 -384.0 0 0 2 2 0 0 0 -1
2 -32.0 112.0 -272.0 0 0 2 2 0 0 0 -1
2 -32.0 112.0 -288.0 0 0 2 2 0 0 0 -1
2 -32.0 112.0 -304.0 0 0 2 2 0 0 0 -1
2 -32.0 112.0 -320.0 0 0 2 2 0 0 0 -1
2 -32.0 112.0 -336.0 0 0 2 2 0 0 0 -1
2 -32.0 112.0 -352.0 0 0 2 2 0 0 0 -1
2 -32.0 112.0 -368.0 0 0 2 2 0 0 0 -1
2 -32.0 112.0 -384.0 0 0 2 2 0 0 0 -1
-1 -224 48 -224
-1 -224 48 -176
-1 -224 48 -128
-1 -224 48 -80
-1 -224 48 -32
-1 -192 48 -224
-1 -192 48 -176
-1 -192 48 -128
-1 -192 48 -80
-1 -192 48 -32
-1 -176 16 -240
-1 -176 32 -240
-1 -176 32 -224
-1 -176 48 -176
-1 -176 48 -128
-1 -160 32 -224
-1 -160 48 -176
-1 -160 48 -128
-1 -144 32 -224
-1 -144 32 -208
-1 -144 48 -176
-1 -144 48 -144
-1 -144 48 -128
-1 -128 32 -208
-1 -112 32 -208
-1 -112 32 -192
-1 -96 32 -192
-1 -96 48 -176
6 -240.0 64.0 -16.0 0 15 3 5 0 1 0 2
6 -256.0 64.0 -16.0 0 15 0 5 0 0 15 -1
6 -208.0 64.0 -16.0 0 0 1 5 0 0 0 -1
5 -224.0 64.0 -16.0 0 0 1 5 0 0 0 -1
5 -192.0 64.0 -16.0 0 0 1 5 0 0 0 -1
2 -240.0 64.0 -32.0 3 15 1 5 0 0 0 -1
-1 -240.0 48.0 -32.0
5 -240.0 48.0 -32.0 0 15 1 5 0 0 0 -1
-1 -224.0 32.0 -32.0
5 -224.0 32.0 -32.0 0 14 1 5 0 0 0 -1
-1 -208.0 48.0 -32.0
5 -208.0 48.0 -32.0 0 13 1 5 0 0 0 -1
2 -240.0 64.0 -48.0 1 0 1 5 0 0 0 -1
6 -240.0 64.0 -64.0 0 15 3 5 0 1 0 2
6 -256.0 64.0 -64.0 0 15 0 5 0 0 15 -1
7 -224.0 64.0 -48.0 0 0 1 5 0 0 0 -1
5 -224.0 64.0 -64.0 0 15 1 5 0 0 0 -1
5 -192.0 64.0 -64.0 0 10 1 5 0 0 0 -1
5 -192.0 64.0 -48.0 0 11 1 5 0 0 0 -1
6 -208.0 64.0 -64.0 0 15 1 5 0 0 15 -1
5 -208.0 64.0 -48.0 0 12 1 5 0 0 0 -1
2 -240.0 64.0 -80.0 3 15 1 5 0 0 0 -1
2 -240.0 64.0 -96.0 1 0 1 5 0 0 0 -1
7 -224.0 64.0 -96.0 0 0 1 5 0 0 0 -1
6 -208.0 64.0 -112.0 0 15 1 5 0 0 15 -1
-1 -240.0 48.0 -80.0
5 -240.0 48.0 -80.0 0 15 1 5 0 0 0 -1
-1 -224.0 32.0 -80.0
5 -224.0 32.0 -80.0 0 14 1 5 0 0 0 -1
-1 -208.0 48.0 -80.0
5 -208.0 48.0 -80.0 0 13 1 5 0 0 0 -1
5 -208.0 64.0 -96.0 0 12 1 5 0 0 0 -1
5 -192.0 64.0 -96.0 0 11 1 -1 0 0 0 -1
5 -192.0 64.0 -112.0 0 10 1 5 0 0 0 -1
5 -224.0 64.0 -112.0 0 15 1 5 0 0 0 -1
6 -256.0 64.0 -112.0 0 15 0 5 0 0 15 -1
6 -240.0 64.0 -112.0 0 15 3 5 0 1 0 2
2 -240.0 64.0 -128.0 3 15 1 5 0 0 0 -1
2 -240.0 64.0 -144.0 1 0 1 5 0 0 0 -1
2 -240.0 64.0 -176.0 3 15 1 5 0 0 0 -1
2 -240.0 64.0 -192.0 1 0 1 5 0 0 0 -1
2 -240.0 64.0 -224.0 3 15 1 5 0 0 0 -1
7 -224.0 64.0 -144.0 0 0 1 5 0 0 0 -1
6 -208.0 64.0 -160.0 0 15 1 5 0 0 15 -1
5 -208.0 64.0 -144.0 0 12 1 5 0 0 0 -1
-1 -240.0 48.0 -128.0
5 -240.0 48.0 -128.0 0 15 1 5 0 0 0 -1
-1 -224.0 32.0 -128.0
5 -224.0 32.0 -128.0 0 14 1 5 0 0 0 -1
-1 -208.0 48.0 -128.0
5 -208.0 48.0 -128.0 0 13 1 5 0 0 0 -1
5 -224.0 64.0 -160.0 0 15 1 5 0 0 0 -1
5 -192.0 64.0 -160.0 0 10 1 5 0 0 0 -1
5 -192.0 64.0 -144.0 0 11 1 5 0 0 0 -1
6 -240.0 64.0 -160.0 0 15 3 5 0 1 0 2
6 -256.0 64.0 -160.0 0 15 0 5 0 0 15 -1
7 -224.0 64.0 -192.0 0 0 1 5 0 0 0 -1
6 -208.0 64.0 -208.0 0 15 1 5 0 0 15 -1
5 -208.0 64.0 -192.0 0 12 1 5 0 0 0 -1
-1 -240.0 48.0 -176.0
5 -240.0 48.0 -176.0 0 15 1 5 0 0 0 -1
-1 -224.0 32.0 -176.0
5 -224.0 32.0 -176.0 0 14 1 5 0 0 0 -1
-1 -208.0 48.0 -176.0
5 -208.0 48.0 -176.0 0 13 1 5 0 0 0 -1
5 -224.0 64.0 -208.0 0 15 1 5 0 0 0 -1
5 -192.0 64.0 -192.0 0 11 1 5 0 0 0 -1
5 -192.0 64.0 -208.0 0 10 1 5 0 0 0 -1
6 -240.0 64.0 -208.0 0 15 3 5 0 1 0 2
6 -256.0 64.0 -208.0 0 15 0 5 0 0 15 -1
7 -224.0 64.0 -240.0 0 0 1 5 0 0 0 -1
6 -208.0 64.0 -256.0 0 15 1 5 0 0 15 -1
5 -224.0 64.0 -256.0 0 15 1 5 0 0 0 -1
5 -208.0 64.0 -240.0 0 12 1 5 0 0 0 -1
5 -192.0 64.0 -240.0 0 11 1 5 0 0 0 -1
5 -192.0 64.0 -256.0 0 10 1 5 0 0 0 -1
-1 -240.0 48.0 -224.0
5 -240.0 48.0 -224.0 0 15 1 5 0 0 0 -1
-1 -224.0 32.0 -224.0
5 -224.0 32.0 -224.0 0 14 1 5 0 0 0 -1
-1 -208.0 48.0 -224.0
5 -208.0 48.0 -224.0 0 13 1 5 0 0 0 -1
6 -240.0 64.0 -256.0 0 15 3 5 0 1 0 2
6 -256.0 64.0 -256.0 0 15 0 5 0 0 15 -1
2 -240.0 64.0 -240.0 1 0 0 5 0 0 0 -1
-1 -192.0 32.0 -32.0
5 -192.0 32.0 -32.0 0 12 1 5 0 0 0 -1
-1 -176.0 48.0 -32.0
5 -176.0 48.0 -32.0 0 11 1 5 0 0 0 -1
-1 -160.0 48.0 -48.0
8 -160.0 48.0 -48.0 0 0 2 2 0 0 0 -1
-1 -144.0 48.0 -48.0
5 -144.0 48.0 -48.0 0 0 1 5 0 0 0 -1
5 -128.0 64.0 -48.0 0 0 0 5 0 0 0 -1
5 -112.0 64.0 -48.0 0 0 0 5 0 0 0 -1
-1 -192.0 32.0 -80.0
5 -192.0 32.0 -80.0 0 12 2 5 0 0 0 -1
-1 -176.0 48.0 -80.0
5 -176.0 48.0 -80.0 0 11 2 5 0 0 0 -1
-1 -160.0 48.0 -96.0
8 -160.0 48.0 -96.0 0 0 2 2 0 0 0 -1
-1 -144.0 48.0 -96.0
5 -144.0 48.0 -96.0 0 0 3 5 0 0 0 -1
-1 -192.0 32.0 -128.0
5 -192.0 32.0 -128.0 0 12 2 5 0 0 0 -1
-1 -160.0 32.0 -128.0
8 -160.0 32.0 -128.0 0 0 1 1 0 0 0 -1
-1 -192.0 32.0 -176.0
5 -192.0 32.0 -176.0 0 12 0 5 0 0 0 -1
-1 -192.0 32.0 -224.0
5 -192.0 32.0 -224.0 0 12 1 5 0 0 0 -1
-1 -128.0 48.0 -144.0
5 -128.0 48.0 -144.0 0 0 0 5 0 0 0 -1
-1 -160.0 32.0 -176.0
8 -160.0 32.0 -176.0 0 0 1 1 0 0 0 -1
-1 -144.0 32.0 -176.0
5 -144.0 32.0 -176.0 0 0 0 5 0 0 0 -1
4 -48.0 80.0 -224.0 0 0 1 1 0 0 0 -1
4 -48.0 80.0 -208.0 0 0 3 3 0 0 0 -1
4 -48.0 80.0 -192.0 0 0 3 3 0 0 0 -1
4 -48.0 80.0 -176.0 0 0 3 3 0 0 0 -1
4 -48.0 80.0 -160.0 0 0 3 3 0 0 0 -1
4 -48.0 80.0 -144.0 0 0 3 3 0 0 0 -1
4 -48.0 80.0 -128.0 0 0 3 3 0 0 0 -1
2 -48.0 96.0 -224.0 0 0 3 5 0 0 0 -1
2 -48.0 96.0 -192.0 0 0 3 3 0 0 0 -1
2 -48.0 96.0 -160.0 0 0 3 3 0 0 0 -1
2 -48.0 96.0 -128.0 0 0 3 5 0 0 0 -1
2 -48.0 64.0 -208.0 0 0 3 3 0 0 0 -1
2 -48.0 64.0 -176.0 0 0 3 3 0 0 0 -1
2 -48.0 64.0 -144.0 0 0 3 5 0 0 0 -1
2 -48.0 64.0 -112.0 0 0 3 3 0 0 0 -1
5 -80.0 64.0 -112.0 0 0 3 5 0 0 0 -1
5 -64.0 64.0 -112.0 0 0 3 5 0 0 0 -1
2 -64.0 80.0 -128.0 0 0 0 0 0 0 0 -1
2 -80.0 64.0 -128.0 0 0 0 5 0 0 0 -1
5 -80.0 64.0 -96.0 0 0 0 5 0 0 0 -1
5 -80.0 64.0 -80.0 0 0 0 5 0 0 0 -1
5 -80.0 64.0 -64.0 0 0 0 5 0 0 0 -1
5 -96.0 64.0 -48.0 0 0 0 5 0 0 0 -1
5 -80.0 64.0 -48.0 0 0 0 5 0 0 0 -1
5 -96.0 64.0 -128.0 0 0 0 5 0 0 0 -1
5 -80.0 80.0 -128.0 0 0 0 5 0 0 0 -1
5 -64.0 96.0 -128.0 0 0 0 5 0 0 0 -1
2 -80.0 80.0 -112.0 0 0 0 0 0 0 0 -1
4 -48.0 80.0 -112.0 0 0 3 3 0 0 0 -1
5 -112.0 64.0 -112.0 0 0 0 5 0 0 0 -1
5 -128.0 64.0 -96.0 0 0 0 5 0 0 0 -1
5 -112.0 64.0 -96.0 0 0 0 5 0 0 0 -1
5 -112.0 64.0 -128.0 0 0 0 5 0 0 0 -1
5 -64.0 64.0 -144.0 0 0 0 5 0 0 0 -1
2 -80.0 80.0 -144.0 0 0 0 0 0 0 0 -1
-1 -112.0 48.0 -144.0
5 -112.0 48.0 -144.0 0 0 0 5 0 0 0 -1
-1 -144.0 32.0 -128.0
5 -144.0 32.0 -128.0 0 0 0 5 0 0 0 -1
-1 -144.0 32.0 -144.0
5 -144.0 32.0 -144.0 0 0 0 5 0 0 0 -1
2 -64.0 80.0 -160.0 0 0 0 0 0 0 0 -1
2 -80.0 64.0 -160.0 0 0 0 5 0 0 0 -1
5 -64.0 96.0 -160.0 0 0 0 5 0 0 0 -1
5 -80.0 80.0 -160.0 0 0 0 5 0 0 0 -1
-1 -80.0 48.0 -144.0
5 -80.0 48.0 -144.0 0 0 0 5 0 0 0 -1
-1 -96.0 48.0 -144.0
5 -96.0 48.0 -144.0 0 0 0 5 0 0 0 -1
2 -96.0 64.0 -144.0 0 0 0 3 0 0 0 -1
2 -112.0 64.0 -144.0 0 0 0 0 0 0 0 -1
-1 -128.0 48.0 -176.0
5 -128.0 48.0 -176.0 0 0 0 5 0 0 0 -1
5 -96.0 64.0 -160.0 0 0 0 5 0 0 0 -1
5 -112.0 64.0 -160.0 0 0 0 5 0 0 0 -1
5 -112.0 64.0 -176.0 0 0 0 5 0 0 0 -1
5 -64.0 64.0 -176.0 0 0 0 5 0 0 0 -1
2 -80.0 80.0 -176.0 0 0 0 0 0 0 0 -1
-1 -80.0 48.0 -176.0
5 -80.0 48.0 -176.0 0 0 0 5 0 0 0 -1
-1 -96.0 32.0 -176.0
5 -96.0 32.0 -176.0 0 0 2 5 0 0 0 -1
-1 -176.0 16.0 -224.0
8 -176.0 16.0 -224.0 0 0 1 1 0 0 0 -1
-1 -160.0 16.0 -224.0
5 -160.0 16.0 -224.0 0 0 1 5 0 0 0 -1
-1 -144.0 16.0 -224.0
5 -144.0 16.0 -224.0 0 0 1 5 0 0 0 -1
-1 -144.0 16.0 -208.0
5 -144.0 16.0 -208.0 0 0 1 5 0 0 0 -1
-1 -128.0 16.0 -208.0
5 -128.0 16.0 -208.0 0 0 1 5 0 0 0 -1
-1 -112.0 16.0 -208.0
5 -112.0 16.0 -208.0 0 0 1 5 0 0 0 -1
-1 -112.0 16.0 -192.0
5 -112.0 16.0 -192.0 0 0 1 5 0 0 0 -1
-1 -96.0 16.0 -192.0
5 -96.0 16.0 -192.0 0 0 3 5 0 0 0 -1
2 -64.0 80.0 -192.0 0 0 0 0 0 0 0 -1
5 -64.0 96.0 -192.0 0 0 0 5 0 0 0 -1
-1 -144.0 48.0 -256.0
5 -144.0 48.0 -256.0 0 0 2 5 0 0 0 -1
5 -144.0 64.0 -240.0 0 0 2 5 0 0 0 -1
5 -144.0 64.0 -224.0 0 0 2 5 0 0 0 -1
5 -128.0 64.0 -208.0 0 0 2 5 0 0 0 -1
5 -144.0 64.0 -208.0 0 0 2 5 0 0 0 -1
5 -64.0 64.0 -208.0 0 0 0 5 0 0 0 -1
2 -80.0 80.0 -192.0 0 0 0 0 0 0 0 -1
5 -80.0 96.0 -192.0 0 0 0 5 0 0 0 -1
2 -96.0 80.0 -192.0 0 0 0 0 0 0 0 -1
2 -112.0 64.0 -192.0 0 0 0 5 0 0 0 -1
5 -112.0 80.0 -192.0 0 0 0 5 0 0 0 -1
5 -96.0 96.0 -192.0 0 0 0 5 0 0 0 -1
2 -112.0 80.0 -176.0 0 0 0 0 0 0 0 -1
5 -112.0 64.0 -208.0 0 0 0 5 0 0 0 -1
5 -80.0 64.0 -208.0 0 0 0 5 0 0 0 -1
5 -80.0 64.0 -224.0 0 0 0 5 0 0 0 -1
5 -96.0 64.0 -224.0 0 0 0 5 0 0 0 -1
5 -96.0 64.0 -240.0 0 0 2 5 0 0 0 -1
5 -96.0 64.0 -256.0 0 0 2 5 0 0 0 -1
2 -64.0 80.0 -224.0 0 0 0 0 0 0 0 -1
2 -80.0 80.0 -224.0 0 0 0 0 0 0 0 -1
2 -96.0 80.0 -224.0 0 0 0 0 0 0 0 -1
2 -96.0 80.0 -240.0 0 0 2 2 0 0 0 -1
2 -112.0 80.0 -240.0 0 0 2 0 0 0 0 -1
2 -112.0 80.0 -256.0 0 0 2 2 0 0 0 -1
5 -112.0 96.0 -240.0 0 0 2 5 0 0 0 -1
5 -96.0 96.0 -224.0 0 0 2 5 0 0 0 -1
5 -80.0 96.0 -224.0 0 0 2 5 0 0 0 -1
5 -64.0 96.0 -224.0 0 0 2 5 0 0 0 -1
5 -96.0 96.0 -240.0 0 0 2 5 0 0 0 -1
6 -112.0 96.0 -256.0 0 0 2 5 0 0 0 -1
8 -256.0 64.0 -48.0 0 15 0 0 0 0 15 -1
8 -256.0 64.0 -96.0 0 15 0 0 0 0 15 -1
8 -256.0 64.0 -144.0 0 15 0 0 0 0 15 -1
8 -256.0 64.0 -192.0 0 15 0 0 0 0 15 -1
8 -256.0 64.0 -240.0 0 15 0 0 0 0 15 -1
-1 -16.0 32.0 -112.0
5 -16.0 32.0 -112.0 0 0 3 5 0 0 0 -1
-1 -16.0 32.0 -80.0
5 -16.0 32.0 -80.0 0 0 3 5 0 0 0 -1
-1 -16.0 32.0 -96.0
5 -16.0 32.0 -96.0 0 0 3 5 0 0 0 -1
-1 -16.0 32.0 -64.0
5 -16.0 32.0 -64.0 0 0 3 5 0 0 0 -1
-1 -16.0 32.0 -48.0
5 -16.0 32.0 -48.0 0 0 3 5 0 0 0 -1
-1 -16.0 32.0 -16.0
5 -16.0 32.0 -16.0 0 0 3 5 0 0 0 -1
-1 -16.0 32.0 -32.0
5 -16.0 32.0 -32.0 0 0 3 5 0 0 0 -1
3 -32.0 80.0 -224.0 0 0 1 1 0 0 0 -1
3 -32.0 80.0 -208.0 0 0 1 1 0 0 0 -1
3 -32.0 80.0 -192.0 0 0 1 1 0 0 0 -1
3 -32.0 80.0 -176.0 0 0 1 1 0 0 0 -1
3 -32.0 80.0 -160.0 0 0 1 1 0 0 0 -1
3 -32.0 80.0 -144.0 0 0 1 1 0 0 0 -1
3 -32.0 80.0 -112.0 0 0 1 1 0 0 0 -1
3 -32.0 80.0 -128.0 0 0 1 1 0 0 0 -1
2 -32.0 64.0 -192.0 0 0 2 5 0 0 0 -1
2 -32.0 64.0 -208.0 0 0 2 5 0 0 0 -1
2 -32.0 64.0 -224.0 0 0 2 2 0 0 0 -1
2 -32.0 64.0 -240.0 0 0 2 2 0 0 0 -1
2 -32.0 64.0 -256.0 0 0 2 2 0 0 0 -1
2 -32.0 64.0 -176.0 0 0 3 3 0 0 0 -1
2 -32.0 64.0 -160.0 0 0 3 3 0 0 0 -1
2 -32.0 64.0 -144.0 0 0 3 5 0 0 0 -1
2 -32.0 64.0 -128.0 0 0 3 5 0 0 0 -1
2 -32.0 64.0 -112.0 0 0 3 5 0 0 0 -1
2 -32.0 64.0 -96.0 0 0 3 3 0 0 0 -1
2 -32.0 64.0 -80.0 0 0 3 3 0 0 0 -1
2 -32.0 64.0 -64.0 0 0 3 3 0 0 0 -1
2 -32.0 64.0 -48.0 0 0 3 3 0 0 0 -1
2 -32.0 64.0 -32.0 0 0 3 3 0 0 0 -1
2 -32.0 64.0 -16.0 0 0 3 3 0 0 0 -1
2 -32.0 80.0 -96.0 0 0 3 3 0 0 0 -1
2 -32.0 80.0 -80.0 0 0 3 3 0 0 0 -1
2 -32.0 80.0 -64.0 0 0 3 3 0 0 0 -1
2 -32.0 80.0 -48.0 0 0 3 3 0 0 0 -1
2 -32.0 80.0 -32.0 0 0 3 3 0 0 0 -1
2 -32.0 80.0 -16.0 0 0 3 3 0 0 0 -1
2 -32.0 80.0 -240.0 0 0 2 2 0 0 0 -1
2 -32.0 80.0 -256.0 0 0 2 2 0 0 0 -1
2 -32.0 96.0 -32.0 0 0 2 1 0 0 0 -1
2 -32.0 96.0 -48.0 0 0 2 2 0 0 0 -1
2 -32.0 96.0 -64.0 0 0 2 2 0 0 0 -1
2 -32.0 96.0 -80.0 0 0 2 2 0 0 0 -1
2 -32.0 96.0 -16.0 0 0 2 2 0 0 0 -1
2 -32.0 96.0 -96.0 0 0 2 2 0 0 0 -1
2 -32.0 96.0 -112.0 0 0 2 2 0 0 0 -1
2 -32.0 96.0 -128.0 0 0 2 2 0 0 0 -1
2 -32.0 96.0 -144.0 0 0 2 2 0 0 0 -1
2 -32.0 96.0 -160.0 0 0 2 2 0 0 0 -1
2 -32.0 96.0 -176.0 0 0 2 2 0 0 0 -1
2 -32.0 96.0 -192.0 0 0 2 1 0 0 0 -1
2 -32.0 96.0 -224.0 0 0 2 1 0 0 0 -1
2 -32.0 96.0 -240.0 0 0 2 2 0 0 0 -1
2 -32.0 96.0 -256.0 0 0 2 2 0 0 0 -1
2 -32.0 96.0 -208.0 0 0 2 2 0 0 0 -1
2 -32.0 112.0 -16.0 0 0 2 2 0 0 0 -1
2 -32.0 112.0 -32.0 0 0 2 2 0 0 0 -1
2 -32.0 112.0 -48.0 0 0 2 2 0 0 0 -1
2 -32.0 112.0 -64.0 0 0 2 2 0 0 0 -1
2 -32.0 112.0 -80.0 0 0 2 2 0 0 0 -1
2 -32.0 112.0 -96.0 0 0 2 2 0 0 0 -1
2 -32.0 112.0 -112.0 0 0 2 2 0 0 0 -1
2 -32.0 112.0 -128.0 0 0 2 2 0 0 0 -1
2 -32.0 112.0 -144.0 0 0 2 2 0 0 0 -1
2 -32.0 112.0 -160.0 0 0 2 2 0 0 0 -1
2 -32.0 112.0 -176.0 0 0 2 2 0 0 0 -1
2 -32.0 112.0 -192.0 0 0 2 2 0 0 0 -1
2 -32.0 112.0 -208.0 0 0 2 2 0 0 0 -1
2 -32.0 112.0 -224.0 0 0 2 2 0 0 0 -1
2 -32.0 112.0 -240.0 0 0 2 2 0 0 0 -1
2 -32.0 112.0 -256.0 0 0 2 2 0 0 0 -1
9 -16.0 64.0 -112.0 0 0 1 5 0 0 0 -1
4 112.0 64.0 48.0 0 0 0 5 0 0 0 -1
5 112.0 64.0 32.0 0 0 0 5 0 1 0 -1
6 112.0 64.0 16.0 0 0 0 5 0 0 0 -1
7 112.0 64.0 0.0 0 0 0 5 0 0 0 -1
